face title 46 43 56
32 2 2 10 0 0 43 10
33 14 2 14 31 0 13 14
34 30 2 18 33 0 10 18
35 50 2 30 30 0 13 30
36 82 2 30 42 0 7 30
37 114 2 46 36 0 10 46
38 162 2 35 32 0 12 35
39 199 2 9 33 0 10 9
40 210 2 15 38 0 10 15
41 227 2 15 38 0 10 15
42 244 2 21 33 0 10 21
43 267 2 24 25 0 18 24
44 293 2 11 12 0 37 11
45 306 2 16 16 0 27 16
46 324 2 12 9 0 35 12
47 338 2 19 37 -1 10 17
48 359 2 31 32 0 12 31
49 392 2 17 30 0 13 17
50 411 2 29 31 0 12 29
51 442 2 28 31 0 13 28
52 472 2 29 30 0 13 29
53 503 2 27 31 0 13 27
54 532 2 30 32 0 12 30
55 564 2 24 30 0 13 24
56 590 2 30 32 0 12 30
57 622 2 31 32 0 12 31
58 655 2 12 24 0 19 12
59 669 2 12 30 0 19 12
60 683 2 25 29 0 14 25
61 710 2 25 23 0 20 25
62 737 2 25 29 0 14 25
63 764 2 20 32 0 12 20
64 786 2 46 38 0 11 46
65 834 2 33 30 0 13 33
66 869 2 32 30 0 13 32
67 903 2 31 32 0 12 31
68 936 2 32 30 0 13 32
69 970 2 29 30 0 13 29
70 2 46 27 30 0 13 27
71 31 46 33 32 0 12 33
72 66 46 33 30 0 13 33
73 101 46 14 30 0 13 14
74 117 46 18 31 0 13 18
75 137 46 32 30 0 13 32
76 171 46 24 30 0 13 24
77 197 46 44 30 0 13 44
78 243 46 36 30 0 13 36
79 281 46 33 32 0 12 33
80 316 46 30 30 0 13 30
81 348 46 33 40 0 12 33
82 383 46 31 30 0 13 31
83 416 46 30 32 0 12 30
84 448 46 27 30 0 13 27
85 477 46 34 31 0 13 34
86 513 46 31 30 0 13 31
87 546 46 46 30 0 13 46
88 594 46 33 30 0 13 33
89 629 46 31 30 0 13 31
90 662 46 27 30 0 13 27
91 691 46 15 38 0 10 15
92 708 46 19 37 -1 10 17
93 729 46 15 38 0 10 15
94 746 46 27 30 0 13 27
95 775 46 25 8 0 43 25
96 802 46 13 36 0 7 13
97 817 46 28 26 0 18 28
98 847 46 30 35 0 9 30
99 879 46 26 26 0 18 26
100 907 46 30 35 0 9 30
101 939 46 27 26 0 18 27
102 968 46 19 33 0 10 19
103 989 46 28 33 0 19 28
104 2 88 30 33 0 10 30
105 34 88 13 35 0 8 13
106 49 88 14 44 -1 9 13
107 65 88 28 33 0 10 28
108 95 88 13 33 0 10 13
109 110 88 45 25 0 18 45
110 157 88 30 25 0 18 30
111 189 88 27 26 0 18 27
112 218 88 30 33 0 18 30
113 250 88 30 33 0 18 30
114 282 88 21 25 0 18 21
115 305 88 25 26 0 18 25
116 332 88 19 31 0 13 19
117 353 88 29 25 0 19 29
118 384 88 27 24 0 19 27
119 413 88 41 24 0 19 41
120 456 88 27 24 0 19 27
121 485 88 28 33 0 19 28
122 515 88 25 24 0 19 25
123 542 88 16 38 0 11 16
124 560 88 12 38 0 13 12
125 574 88 16 38 0 11 16
126 592 88 25 20 0 23 25
face body 26 26 34
32 2 134 7 0 0 26 7
33 11 134 8 19 0 7 8
34 21 134 11 19 0 7 11
35 34 134 17 19 0 7 17
36 53 134 17 26 0 4 17
37 72 134 22 19 0 7 22
38 96 134 19 19 0 7 19
39 117 134 6 19 0 7 6
40 125 134 10 26 0 5 8
41 137 134 11 26 -2 5 9
42 150 134 12 19 0 7 12
43 164 134 15 15 0 11 15
44 181 134 8 8 0 22 8
45 191 134 13 9 0 17 13
46 206 134 8 4 0 22 8
47 216 134 13 25 0 5 13
48 231 134 17 19 0 7 17
49 250 134 10 19 0 7 10
50 262 134 15 19 0 7 15
51 279 134 16 19 0 7 16
52 297 134 17 19 0 7 17
53 316 134 15 19 0 7 15
54 333 134 16 19 0 7 16
55 351 134 15 19 0 7 15
56 368 134 16 19 0 7 16
57 386 134 16 19 0 7 16
58 404 134 8 13 0 13 8
59 414 134 8 17 0 13 8
60 424 134 16 17 0 9 16
61 442 134 15 14 0 12 15
62 459 134 16 17 0 9 16
63 477 134 13 19 0 7 13
64 492 134 27 24 0 7 27
65 521 134 19 19 0 7 18
66 542 134 17 19 0 7 17
67 561 134 18 19 0 7 18
68 581 134 19 19 0 7 19
69 602 134 16 19 0 7 16
70 620 134 16 19 0 7 16
71 638 134 19 19 0 7 19
72 659 134 19 19 0 7 19
73 680 134 7 19 0 7 7
74 689 134 15 19 0 7 15
75 706 134 17 19 0 7 17
76 725 134 16 19 0 7 16
77 743 134 23 19 0 7 23
78 768 134 19 19 0 7 19
79 789 134 20 19 0 7 20
80 811 134 17 19 0 7 17
81 830 134 20 22 0 7 20
82 852 134 18 19 0 7 18
83 872 134 17 19 0 7 17
84 891 134 17 19 0 7 17
85 910 134 19 19 0 7 19
86 931 134 19 19 0 7 18
87 952 134 26 19 0 7 26
88 980 134 17 19 0 7 17
89 999 134 17 19 0 7 17
90 2 162 16 19 0 7 16
91 20 162 9 25 0 6 9
92 31 162 13 25 0 5 13
93 46 162 9 25 0 6 9
94 57 162 15 19 0 7 15
95 74 162 12 4 0 26 12
96 88 162 15 20 0 6 15
97 105 162 15 14 0 12 15
98 122 162 16 19 0 7 16
99 140 162 15 14 0 12 15
100 157 162 16 19 0 7 16
101 175 162 15 14 0 12 15
102 192 162 11 20 0 6 11
103 205 162 16 20 0 12 16
104 223 162 16 19 0 7 16
105 241 162 6 19 0 7 6
106 249 162 8 25 -1 6 7
107 259 162 15 19 0 7 15
108 276 162 7 19 0 7 7
109 285 162 22 14 0 12 22
110 309 162 16 14 0 12 16
111 327 162 15 14 0 12 15
112 344 162 16 19 0 12 16
113 362 162 16 19 0 12 16
114 380 162 11 14 0 12 11
115 393 162 13 14 0 12 13
116 408 162 10 18 0 8 10
117 420 162 15 14 0 12 15
118 437 162 15 14 0 12 14
119 454 162 23 14 0 12 22
120 479 162 14 14 0 12 14
121 495 162 17 20 0 12 17
122 514 162 13 14 0 12 13
123 529 162 10 25 0 6 10
124 541 162 7 25 0 5 7
125 550 162 10 25 0 6 10
126 562 162 15 12 0 14 15
